44434544333511555357771121371622227667266
44434544333511555357771123161666662222277
444345443335115553577772377161116666622
444345443335115553577772377166611166622
444345443335115553577772377616166116622
444345443335115553577776267666367111122
444345443335115553577776277316166661122
444345443335115553577776277636666111122
444345443335115553577777237616166116622
444345443335115553577777267316166661122
444345443335115553577777273616166116622
444345445553773335311111615272722227766
444345445553773335311111615272777222266
444345445553773335311111621572722227766
444345445553773335311111621572777222266
444345445553773335311112611252222777766
444345445553773335311112611572722227766
444345445553773335311112611572722772266
444345445553773335311112621152222777766
444345445553773335311115611272722227766
444345445553773335311116511272722227766
444345445553773335311116511727772222266
444345445553773335311171625112722772266
44434544555377333531117762577166661226122
44434544555377333531117765717266661221622
44434544555377333531117765727166661221622
44434544555377333531117765727166661226122
44434544555377333531117767527166661221622
44434544555377333531117767527222226666611
444543443335115553577717237622212667211
444543443335115553577717263776166661122
444543443335115553577772377616166116622
444543443335115553577772377616166661122
444543443335115553577776267666367111122
444543443335115553577776277316166661122
444543443335115553577776277636616611122
444543443335115553577777237616166116622
444543443335115553577777267636616611122
444543443335115553577777273616111666622
444543445553773335311111615272722772266
444543445553773335311111621252272277766
444543445553773335311111621572722227766
444543445553773335311112611572722227766
444543445553773335311112621222512777766
444543445553773335311116511272722227766
44454344555377333531111767757266661226122
444543445553773335311171625112722772266
444543445553773335311171625212222177766
44454344555377333531117765717266661221622
44454344555377333531117767527166661221622
